---
app_home_cancel: 2020-08-20 13:44:41.622567000 +02:00
app_home_book: 2020-08-20 13:44:52.634103000 +02:00
app_home_select: 2020-08-20 13:45:08.699299000 +02:00
app_home_parkers: 2020-08-20 13:47:03.390215000 +02:00
invoke_by_command: 2020-08-20 13:49:22.024775000 +02:00
app_home_opened: 2020-08-20 13:50:43.377822000 +02:00
command_invoke: 2020-08-20 14:28:00.853591000 +02:00
command_book: 2020-08-20 14:31:48.926475000 +02:00
command_cancel: 2020-08-20 14:32:07.108578000 +02:00
command_parkers: 2020-08-20 14:33:07.418012000 +02:00
command_select: 2020-08-20 14:33:33.577130000 +02:00
